(0.0 0.0)
(1.5020014999974943e-05 0.02000197195497606)
(6.003993975949916e-05 0.03996779993677873)
(0.00013499959391797176 0.05989741263258429)
(0.00023983879711479182 0.07979073933197509)
(0.0003744973689893585 0.09964770992693939)
(0.0005389151291810708 0.1194682549118716)
(0.0007330318973293279 0.13925230538357197)
(0.0009567874930735286 0.15899979304124687)
(0.0012101217360530726 0.17871065018650878)
(0.001492974445907359 0.19838480972337605)
(0.001805285442275786 0.21802220515827295)
(0.002146994544797754 0.23762277060003)
(0.00251804157311266 0.25718644075988356)
(0.0029183663468599057 0.2767131509514761)
(0.0033479086856788884 0.29620283709085604)
(0.003806608409209008 0.31565543569647786)
(0.004294405337089662 0.335070883889202)
(0.004811239288960253 0.35444911939229484)
(0.005357050084460178 0.3737900805314291)
(0.005931777543228834 0.39309370623468304)
(0.0065353614849056225 0.41235993603254134)
(0.007167741729129946 0.43158871005789456)
(0.007828858095541196 0.4507799690460389)
(0.008518650403778775 0.4699336543346773)
(0.009237058473482081 0.48904970786391827)
(0.00998402212429052 0.5081280721762762)
(0.010759481175843487 0.5271686904166719)
(0.011563375447780373 0.5461715063324316)
(0.012395644759740585 0.5651364642732881)
(0.013256228931363525 0.5840635091913803)
(0.014145067782288589 0.6029525866412526)
(0.01506210113215517 0.6218036427798556)
(0.01600726880060267 0.6406166243665458)
(0.016980510607270495 0.6593914787630862)
(0.017981766371798043 0.6781281539336456)
(0.019010975913824713 0.6968265984447983)
(0.020068079052989893 0.7154867614655248)
(0.021153015608932988 0.7341085927672126)
(0.022265725401293405 0.7526920427236538)
(0.02340614824971053 0.7712370623110474)
(0.024574223973823774 0.7897436031079981)
(0.02576989239327253 0.8082116172955166)
(0.026993093327696196 0.8266410576570198)
(0.028243766596734173 0.8450318775783302)
(0.029521852020025868 0.863384031047677)
(0.030827289417210673 0.8816974726556953)
(0.03216001860792798 0.8999721575954248)
(0.033519979411817204 0.9182080416623132)
(0.034907111648517716 0.9364050812542133)
(0.036321355137668945 0.9545632333713836)
(0.037762649698910286 0.9726824556164897)
(0.03923093515188111 0.9907627061946013)
(0.04072615131622086 1.0088039439131962)
(0.04224823801156891 1.0268061281821572)
(0.04379713505756465 1.0447692190137732)
(0.0453727822738475 1.0626931770227388)
(0.04697511948005685 1.080577963426155)
(0.048604086495832095 1.0984235400435296)
(0.050259623140812636 1.1162298692967745)
(0.05194166923463788 1.133996914210209)
(0.053650164596947214 1.1517246384105586)
(0.05538504904738005 1.1694130061269536)
(0.05714626240557574 1.187061982190931)
(0.058933744491173785 1.204671532036435)
(0.06074743512381351 1.2222416216998135)
(0.0625872741231343 1.2397722178198216)
(0.0644532013087756 1.2572632876376206)
(0.06634515650037677 1.2747147989967773)
(0.06826307951757725 1.2921267203432656)
(0.0702069101800164 1.3094990207254642)
(0.07217658830733366 1.3268316697941578)
(0.0741720537191684 1.3441246378025375)
(0.07619324623516002 1.3613778956062015)
(0.07824010567494792 1.3785914146631517)
(0.08031257185817152 1.395765167033798)
(0.08241058460447016 1.4128991253809553)
(0.08453408373348333 1.4299932629698442)
(0.08668300906485035 1.4470475536680936)
(0.08885730041821066 1.4640619719457353)
(0.09105689761320368 1.4810364928752087)
(0.09328174046946876 1.4979710921313587)
(0.09553176880664528 1.5148657459914374)
(0.09780692244437271 1.5317204313351023)
(0.1001071412022904 1.5485351256444155)
(0.10243236490003778 1.5653098070038476)
(0.10478253335725422 1.5820444541002718)
(0.10715758639357911 1.5987390462229716)
(0.10955746382865195 1.6153935632636336)
(0.111982105482112 1.6320079857163512)
(0.11443145117359872 1.6485822946776232)
(0.11690544072275154 1.6651164718463551)
(0.1194040139492098 1.6816104995238585)
(0.1219271106726129 1.698064360613851)
(0.12447467071260035 1.7144780386224558)
(0.1270466338888114 1.7308515176582018)
(0.12964294002088553 1.7471847824320255)
(0.13226352892846213 1.763477818257267)
(0.13490834043118055 1.7797306110496751)
(0.1375773143486803 1.7959431473274026)
(0.14027039050060067 1.8121154142110085)
(0.1429875087065811 1.8282473994234583)
(0.145728608786261 1.8443390912901245)
(0.14849363055927978 1.8603904787387842)
(0.1512825138452768 1.8764015512996208)
(0.1540951984638915 1.8923722991052232)
(0.15693162423476315 1.9083027128905874)
(0.1597917309775314 1.9241927839931154)
(0.16267545851183543 1.9400425043526146)
(0.16558274665731473 1.9558518665112978)
(0.16851353523360865 1.9716208636137855)
(0.17146776406035663 1.987349489407102)
(0.17444537295719809 2.003037738240681)
(0.1774463017437724 2.018685605066359)
(0.1804704902397189 2.034293085438379)
(0.1835178782646771 2.0498601755133916)
(0.1865884056382863 2.065386872050451)
(0.189682012180186 2.080873172411021)
(0.19279863771001554 2.0963190745589686)
(0.19593822204741426 2.111724577060566)
(0.1991007050120218 2.127089679084495)
(0.20228602642347718 2.1424143804018403)
(0.20549412610142004 2.157698681386093)
(0.20872494386548981 2.1729425830131524)
(0.21197841953532584 2.18814608686132)
(0.2152544929305674 2.2033091951113084)
(0.218553103870854 2.2184319105462302)
(0.2218741921758251 2.2335142365516107)
(0.22521769766512004 2.248556177115375)
(0.22858356015837827 2.263557736827858)
(0.23197171947523906 2.2785189208818)
(0.23538211543534177 2.2934397350723437)
(0.23881468785832605 2.308320185797046)
(0.24226937656383113 2.3231602800558613)
(0.24574612137149657 2.3379600254511543)
(0.2492448621009615 2.3527194301876952)
(0.25276553857186534 2.367438503072658)
(0.2563080906038478 2.382117253515628)
(0.259872458016548 2.396755691528591)
(0.26345858062960553 2.4113538277259416)
(0.26706639826265965 2.425911673324479)
(0.27069585073534974 2.440429240143409)
(0.27434687786731515 2.454906540604345)
(0.27801941947819553 2.4693435877313035)
(0.2817134153876301 2.48374039515071)
(0.28542880541525845 2.4980969770913934)
(0.2891655293807196 2.5124133483845887)
(0.29292352710365305 2.5266895244639396)
(0.2967027384036986 2.5409255213654953)
(0.3005031031004953 2.555121355727707)
(0.30432456101368255 2.5692770447914364)
(0.3081670519628999 2.583392606399948)
(0.3120305157677866 2.5974680589989165)
(0.3159148922479821 2.611503421636418)
(0.31982012122312586 2.6254987139629375)
(0.32374614251285716 2.639453956231365)
(0.32769289593681555 2.6533691692969956)
(0.3316603213146403 2.6672443746175323)
(0.33564835846597085 2.681079594253084)
(0.33965694721044665 2.694874850866164)
(0.34368602736770704 2.708630167721693)
(0.3477355387573914 2.7223455686869955)
(0.3518054211991393 2.736021078231806)
(0.3558956145125898 2.7496567214282615)
(0.3600060585173826 2.7632525239509067)
(0.36413669303315715 2.7768085120766917)
(0.36828745787955247 2.790324712684972)
(0.3724582928762083 2.8038011532575116)
(0.3766491378427638 2.8172378618784766)
(0.38085993259885875 2.8306348672344432)
(0.3850906169641321 2.8439921986143912)
(0.3893411307582236 2.857309885909706)
(0.39361141380077236 2.8705879596141806)
(0.397901405911418 2.8838264508240132)
(0.40221104690979964 2.8970253912378086)
(0.40654027661555714 2.9101848131565764)
(0.4108890348483294 2.9233047494837336)
(0.41525726142775626 2.936385233725103)
(0.4196448961734769 2.949426299988912)
(0.42405187890513046 2.962427982985794)
(0.42847814944235685 2.975390318028793)
(0.4329236476047951 2.988313341033352)
(0.437388313212085 3.0011970885173254)
(0.4418720860838654 3.0140415976009707)
(0.44637490603977614 3.0268469060069525)
(0.45089671289945643 3.039613052060342)
(0.4554374464825456 3.0523400746886145)
(0.45999704660868335 3.0650280134216534)
(0.4645754530975088 3.077676908391747)
(0.46917260576866127 3.090286800333589)
(0.47378844444178037 3.102857730584282)
(0.47842290893650546 3.11538974108333)
(0.4830759390724762 3.1278828743726477)
(0.48774747466933155 3.140337173596553)
(0.4924374555467109 3.1527526825017693)
(0.497145821524254 3.16512944543743)
(0.5018725124216 3.1774675073550678)
(0.5066174680583885 3.1897669138086298)
(0.5113806282542587 3.2020277109544617)
(0.5161619328288499 3.214249945551317)
(0.5209613216018019 3.22643366496036)
(0.5257787343927538 3.2385789171451544)
(0.5306141110213449 3.250685750671675)
(0.5354673913072152 3.2627542147082993)
(0.5403385150700032 3.274784359025811)
(0.5452274221293492 3.2867762339974034)
(0.5501340523048917 3.298729890598671)
(0.5550583454162709 3.310645380407619)
(0.5600002412831258 3.3225227556046533)
(0.5649596797250956 3.33436206897259)
(0.5699366005618204 3.3461633738966508)
(0.5749309436129387 3.3579267243644595)
(0.5799426486980908 3.369652174966053)
(0.5849716556369156 3.3813397808938683)
(0.5900179042490522 3.3929895979427482)
(0.5950813343541407 3.4046016825099468)
(0.6001618857718201 3.416176091595119)
(0.6052594983217296 3.427712882800328)
(0.6103741118235092 3.4392121143300436)
(0.6155056660967977 3.4506738449911385)
(0.620654100961235 3.462098134192897)
(0.62581935623646 3.473485041947004)
(0.6310013717421125 3.4848346288675507)
(0.6362000872978316 3.4961469561710388)
(0.641415442723257 3.507422085676372)
(0.646647377838028 3.518660079804862)
(0.6518958324617838 3.5298610015802256)
(0.6571607464141639 3.5410249146285846)
(0.662442059514808 3.5521518831784706)
(0.6677397115833549 3.563241972060815)
(0.6730536424394447 3.5742952467089615)
(0.6783837919027164 3.585311773158658)
(0.683730099792809 3.596291618048054)
(0.6890925059293627 3.607234848617712)
(0.6944709501320165 3.6181415327105935)
(0.6998653722204098 3.6290117387720735)
(0.7052757120141823 3.639845535849927)
(0.7107019093329728 3.6506429935943374)
(0.7161439039964211 3.6614041822578938)
(0.7216016358241666 3.6721291726955894)
(0.7270750446358487 3.6828180363648304)
(0.7325640702511067 3.69347084532542)
(0.73806865248958 3.7040876722395715)
(0.7435887311709078 3.714668590371905)
(0.74912424611473 3.7252136735894457)
(0.7546751371406857 3.735722996361624)
(0.7602413440684144 3.7461966337602783)
(0.7658228067175554 3.756634661459652)
(0.7714194649077482 3.767037155736394)
(0.7770312584586315 3.7774041934695557)
(0.7826581271898462 3.7877358521406053)
(0.7883000109210304 3.7980322098334054)
(0.7939568494718238 3.8082933452342305)
(0.7996285826618664 3.818519337631761)
(0.8053151503107965 3.828710266917078)
(0.8110164922382547 3.838866213583679)
(0.8167325482638793 3.848987258727458)
(0.8224632582073105 3.8590734840467174)
(0.8282085618881876 3.869124971842169)
(0.8339683991261492 3.8791418050169244)
(0.8397427097408361 3.8891240670765113)
(0.8455314335518864 3.8990718421288513)
(0.85133451037894 3.9089852148842796)
(0.8571518800416368 3.918864270655537)
(0.8629834823596152 3.9287090953577657)
(0.8688292571525155 3.9385197755085213)
(0.8746891442399763 3.9482963982277592)
(0.8805630834416375 3.958039051237842)
(0.8864510145771388 3.967747822863541)
(0.8923528774661188 3.977422802032029)
(0.8982686119282176 3.9870640782728914)
(0.904198157783074 3.996671741718113)
(0.9101414548503277 4.006245883102086)
(0.9160984429496186 4.015786593761615)
(0.9220690619005849 4.0252939656359)
(0.9280532515228674 4.034768091266556)
(0.9340509516361043 4.0442090637976005)
(0.9400621020599358 4.053616976975453)
(0.946086642614001 4.062991925148951)
(0.9521245131179387 4.07233400326932)
(0.9581756533913898 4.081643306890212)
(0.9642400032539922 4.090919932167667)
(0.9703175025253861 4.1001639758601405)
(0.9764080910252108 4.109375535328495)
(0.9825117085731049 4.118554708535992)
(0.9886282949887094 4.1277015940483075)
(0.9947577900916624 4.136816291033516)
(1.0009001337016037 4.145898899262102)
(1.007055265638173 4.154949519106958)
(1.0132231257210087 4.1639682515433725)
(1.0194036537697517 4.172955198149055)
(1.0255967896040399 4.18191046110411)
(1.031802473043514 4.19083414319105)
(1.0380206439078126 4.199726347794799)
(1.0442512420165746 4.208587178902676)
(1.050494207189441 4.2174167411044206)
(1.0567494792460497 4.226215139592166)
(1.063016998006041 4.234982480160456)
(1.0692967032890541 4.243718869206242)
(1.0755885349147278 4.2524244137288765)
(1.0818924327027024 4.261099221330128)
(1.0882083364726165 4.269743400214159)
(1.0945361860441103 4.278357059187544)
(1.1008759212368229 4.2869403076592665)
(1.1072274818703929 4.295493255640706)
(1.1135908077644612 4.30401601374566)
(1.1199658387386655 4.312508693190324)
(1.1263525146126465 4.320971405793303)
(1.1327507752060433 4.329404263975606)
(1.139160560338495 4.337807380760649)
(1.145581809829641 4.346180869774255)
(1.1520144634991212 4.354524845244652)
(1.1584584611665745 4.362839422002472)
(1.1649137426516407 4.371124715480758)
(1.171380247773959 4.379380841714953)
(1.1778579163531684 4.387607917342912)
(1.1843466882089086 4.39580605960489)
(1.1908465031608195 4.403975386343553)
(1.1973573010285399 4.4121160160039725)
(1.2038790216317092 4.420228067633621)
(1.2104116047899671 4.4283116608823825)
(1.2169549903229526 4.436366916002545)
(1.2235091180503057 4.444393953848802)
(1.2300739277916657 4.452392895878258)
(1.2366493593666712 4.460363864150411)
(1.2432353525949622 4.4683069813271805)
(1.2498318472961782 4.476222370672881)
(1.2564387832899586 4.484110156054236)
(1.2630561003959428 4.4919704619403795)
(1.2696837384337698 4.499803413402845)
(1.276321637223079 4.507609136115574)
(1.2829697365835102 4.515387756354917)
(1.289627976334703 4.523139400999627)
(1.2962962962962963 4.530864197530864)
(1.3029746362879298 4.538562274032195)
(1.3096629361292424 4.546233759189592)
(1.316361135639874 4.5538787822914335)
(1.3230691746394634 4.561497473228503)
(1.3297869929476511 4.569089962493993)
(1.3365145303840755 4.576656381183496)
(1.3432517267683761 4.584196860995016)
(1.3499985219201935 4.591711534228966)
(1.3567548556591653 4.599200533788151)
(1.363520667804932 4.6066639931778015)
(1.3702958981771332 4.614102046505537)
(1.377080486595407 4.621514828481391)
(1.383874372879394 4.6289024744178064)
(1.390677496848733 4.636265120229621)
(1.397489798323064 4.643602902434091)
(1.4043112171220262 4.6509159581508674)
(1.411141693065258 4.658204425102017)
(1.4179811659724006 4.665468441612008)
(1.4248295756630918 4.67270814660771)
(1.431686861956972 4.679923679618412)
(1.43855296467368 4.687115180775792)
(1.4454278236328553 4.694282790813947)
(1.4523113786541382 4.701426651069378)
(1.4592035695571661 4.708546903480981)
(1.4661043361615804 4.715643690590077)
(1.47301361828702 4.722717155540375)
(1.4799313557531233 4.729767442077998)
(1.4868574883795314 4.736794694551482)
(1.4937919559858814 4.74379905791175)
(1.5007346983918148 4.7507806777121555)
(1.5076856554169704 4.757739700108434)
(1.514644766880987 4.764676271858744)
(1.521611972603505 4.771590540323644)
(1.5285872124041622 4.778482653466095)
(1.5355704261026002 4.785352759851473)
(1.5425615535184565 4.79220100864755)
(1.5495605344713712 4.799027549624513)
(1.5565673087809841 4.805832533154946)
(1.5635818162669335 4.812616110213844)
(1.5706039967488605 4.819378432378615)
(1.5776337900464028 4.826119651829057)
(1.5846711359792005 4.832839921347388)
(1.5917159743668938 4.839539394318225)
(1.5987682450291203 4.846218224728592)
(1.605827887785521 4.852876567167922)
(1.6128948424557348 4.85951457682805)
(1.6199690488594003 4.866132409503219)
(1.6270504468161588 4.87273022159008)
(1.634138976145647 4.879308170087683)
(1.6412345766675074 4.885866412597494)
(1.6483371882013769 4.892405107323379)
(1.6554467505668955 4.898924413071606)
(1.6625632035837037 4.905424489250862)
(1.6696864870714392 4.911905495872223)
(1.6768165408497433 4.9183675935491875)
(1.6839533047382538 4.924810943497649)
(1.6910967185566108 4.931235707535911)
(1.698246722124454 4.937642048084681)
(1.7054032552614211 4.944030128167074)
(1.7125662577871545 4.950400111408617)
(1.7197356695212906 4.956752162037228)
(1.726911430283471 4.963086444883246)
(1.734093479893334 4.96940312537941)
(1.7412817581705182 4.975702369560858)
(1.7484762049346658 4.981984344065152)
(1.7556767600054128 4.988249216132241)
(1.7628833632024006 4.994497153604491)
(1.7700959543452692 5.000728324926671)
(1.7773144732536554 5.006942899145952)
(1.7845388597472012 5.013141045911922)
(1.7917690536455444 5.019322935476565)
(1.7990049947683258 5.025488738694274)
(1.8062466229351837 5.03163862702185)
(1.813493877965757 5.037772772518491)
(1.8207466996796868 5.043891347845817)
(1.8280050278966111 5.049994526267841)
(1.83526880243617 5.0560824816509875)
(1.842537963118003 5.0621553884640855)
(1.849812449761748 5.068213421778368)
(1.8570922021870468 5.074256757267478)
(1.8643771602135373 5.080285571207464)
(1.8716672636608587 5.086300040476777)
(1.8789624523486512 5.092300342556279)
(1.8862626660965536 5.098286655529231)
(1.8935678447242061 5.104259158081309)
(1.9008779280512471 5.110218029500586)
(1.908192855897317 5.116163449677549)
(1.9155125680820548 5.122095599105087)
(1.9228370044250984 5.128014658878489)
(1.93016610474609 5.133920810695467)
(1.9374998088646669 5.13981423685612)
(1.9448380566004695 5.145695120262964)
(1.952180787773137 5.1515636444209205)
(1.959527942202308 5.15741999343731)
(1.9668794597076231 5.163264352021869)
(1.9742352801087208 5.169096905486732)
(1.9815953432252411 5.174917839746443)
(1.9889595888768237 5.1807273413179535)
(1.996327956883107 5.186525597320615)
(2.0037003870637307 5.192312795476191)
(2.011076819238334 5.198089124108849)
(2.0184571932265567 5.203854772145162)
(2.0258414488480394 5.209609929114113)
(2.0332295259224193 5.215354785147081)
(2.0406213642693367 5.221089530977862)
(2.048016903708431 5.226814357942653)
(2.055416084059342 5.232529457980056)
(2.0628188451417087 5.238235023631084)
(2.0702251267751706 5.24393124803915)
(2.077634868779367 5.249618324950075)
(2.085048010973937 5.255296448712087)
(2.0924644931785203 5.26096581427582)
(2.099884255212757 5.266626617194314)
(2.1073072368962853 5.272279053623014)
(2.1147333780487454 5.277923320319772)
(2.122162618489776 5.2835596146448465)
(2.129594898039018 5.289188134560899)
(2.137030156516109 5.294809078633002)
(2.144468333740689 5.300422646028628)
(2.151909369532398 5.306029036517662)
(2.1593532037108747 5.311628450472389)
(2.1667997760957585 5.3172210888675036)
(2.17424902650669 5.322807153280108)
(2.1817008947633068 5.328386845889702)
(2.189155320685249 5.333960369478205)
(2.1966122440921563 5.339527927429928)
(2.204071604803668 5.345089723731597)
(2.211533342639424 5.3506459629723455)
(2.2189973974190624 5.356196850343704)
(2.2264637089622235 5.361742591639617)
(2.2339322170885465 5.367283393256432)
(2.2414028616176704 5.372819462192902)
(2.2488755823692363 5.378351006050192)
(2.2563503191628818 5.383878233031858)
(2.2638270118182464 5.38940135194388)
(2.27130560015497 5.394920572194634)
(2.278786023992692 5.400436103794899)
(2.2862682231510525 5.405948157357876)
(2.2937521374496894 5.4114569440991485)
(2.301237706708242 5.416962675836726)
(2.308724870746352 5.422465564991016)
(2.316213569383656 5.427965824584826)
(2.3237037424397964 5.433463668243387)
(2.3311953297344097 5.438959310194315)
(2.3386882710871366 5.444452965267646)
(2.3461825063176165 5.44994484889582)
(2.353677975245488 5.455435177113676)
(2.3611746176903927 5.460924166558471)
(2.3686723734719677 5.466412034469855)
(2.3761711824098533 5.471898998689891)
(2.3836709843236896 5.477385277663051)
(2.391171719033114 5.482871090436203)
(2.398673326357767 5.488356656658633)
(2.406175746117289 5.4938421965820226)
(2.413678918131318 5.499327931060468)
(2.421182782219495 5.504814081550466)
(2.4286872782014566 5.510300870110915)
(2.4361923458968455 5.515788519403135)
(2.4436979251252984 5.521277252690834)
(2.451203955706456 5.526767293840139)
(2.4587103774599584 5.532258867319579)
(2.4662171302054428 5.5377521982000815)
(2.473724153762551 5.543247512154994)
(2.4812313879509205 5.548745035460059)
(2.4887387725901915 5.55424499499343)
(2.4962462475000042 5.559747618235665)
(2.503753752499996 5.565253133269726)
(2.511261227409809 5.570761768780987)
(2.51876861204908 5.576273754057224)
(2.526275846237449 5.5817893189886165)
(2.533782869794557 5.587308694067754)
(2.541289622540043 5.592832110389631)
(2.5487960442935442 5.59835979965165)
(2.5563020748747016 5.603891994153614)
(2.563807654103155 5.609428926797736)
(2.571312721798542 5.614970831088637)
(2.578817217780506 5.620517941133338)
(2.5863210818686815 5.626070491641271)
(2.593824253882711 5.631628717924272)
(2.6013266736422325 5.6371928558965845)
(2.608828280966886 5.642763142074857)
(2.6163290156763113 5.648339813578143)
(2.6238288175901467 5.653923108127901)
(2.631327626528032 5.659513264048002)
(2.638825382309607 5.665110520264713)
(2.6463220247545105 5.6707151163067175)
(2.6538174936823835 5.6763272923051)
(2.661311728912864 5.6819472889933476)
(2.6688046702655903 5.687575347707357)
(2.676296257560204 5.693211710385433)
(2.683786430616343 5.698856619568284)
(2.6912751292536488 5.704510318399024)
(2.698762293291758 5.710173050623172)
(2.7062478625503106 5.715845060588655)
(2.713731776848948 5.721526593245809)
(2.7212139760073075 5.727217894147368)
(2.7286943998450304 5.732919209448481)
(2.736172988181754 5.738630785906695)
(2.7436496808371182 5.74435287088197)
(2.7511244176307637 5.750085712336665)
(2.7585971383823282 5.7558295588355515)
(2.7660677829114535 5.761584659545803)
(2.7735362910377765 5.767351264237)
(2.7810026025809376 5.77312962328113)
(2.7884666573605763 5.778919987652586)
(2.795928395196331 5.784722608928164)
(2.8033877559078437 5.790537739287073)
(2.810844679314751 5.796365631510921)
(2.8182991052366937 5.802206538983725)
(2.82575097349331 5.8080607156919095)
(2.8332002239042406 5.813928416224299)
(2.8406467962891253 5.819809895772133)
(2.8480906304676017 5.825705410129052)
(2.855531666259311 5.8316152156911)
(2.8629698434838904 5.83753956945673)
(2.8704051019609826 5.843478729026805)
(2.877837381510224 5.849432952604585)
(2.8852666219512546 5.855402498995744)
(2.8926927631037143 5.861387627608356)
(2.9001157447872425 5.867388598452908)
(2.90753550682148 5.873405672142286)
(2.9149519890260636 5.879439109891785)
(2.9223651312206336 5.885489173519107)
(2.92977487322483 5.8915561254443585)
(2.937181154858291 5.897640228690052)
(2.944583915940658 5.903741746881106)
(2.9519830962915687 5.909860944244848)
(2.9593786357306633 5.915998085611007)
(2.9667704740775807 5.922153436411719)
(2.9741585511519606 5.92832726268153)
(2.981542806773443 5.934519831057388)
(2.988923180761666 5.940731408778647)
(2.99629961293627 5.946962263687068)
(3.003672043116893 5.95321266422682)
(3.0110404111231763 5.959482879444473)
(3.0184046567747593 5.96577317898901)
(3.025764719891279 5.972083833111812)
(3.0331205402923773 5.9784151126666725)
(3.0404720577976914 5.984767289109788)
(3.0478192122268624 5.991140634499763)
(3.055161943399531 5.997535421497606)
(3.062500191135333 6.0039519233667304)
(3.06983389525391 6.010390413972959)
(3.0771629955749007 6.016851167784519)
(3.0844874319179447 6.023334459872044)
(3.0918071441026833 6.029840565908572)
(3.099122071948752 6.0363697621695485)
(3.1064321552757934 6.042922325532824)
(3.1137373339034458 6.049498533478658)
(3.1210375476513486 6.0560986640897125)
(3.128332736339141 6.062722996051058)
(3.135622839786463 6.069371808650168)
(3.1429077978129527 6.076045381776923)
(3.1501875502382513 6.082743995923612)
(3.157462036881997 6.089467932184927)
(3.16473119756383 6.0962174722579725)
(3.171994972103389 6.102992898442247)
(3.179253300320313 6.109794493639664)
(3.1865061220342423 6.116622541354543)
(3.1937533770648163 6.123477325693606)
(3.2009950052316745 6.130359131365982)
(3.2082309463544547 6.137268243683206)
(3.2154611402527986 6.144204948559221)
(3.2226855267463446 6.151169532510373)
(3.2299040456547305 6.158162282655416)
(3.237116636797599 6.165183486715511)
(3.244323239994587 6.17223343301422)
(3.251523795065334 6.179312410477518)
(3.2587182418294804 6.186420708633779)
(3.265906520106666 6.193558617613791)
(3.273088569716529 6.200726428150739)
(3.280264330478709 6.2079244315802224)
(3.2874337422128455 6.215152919840238)
(3.2945967447385778 6.222412185471198)
(3.3017532778755467 6.2297025216159145)
(3.3089032814433894 6.237024222019606)
(3.3160466952617464 6.2443775810299)
(3.3231834591502563 6.251762893596826)
(3.33031351292856 6.259180455272821)
(3.3374367964162968 6.266630562212734)
(3.344553249433104 6.274113511173807)
(3.3516628117986236 6.281629599515703)
(3.3587654233324926 6.289179125200478)
(3.365861023854352 6.296762386792603)
(3.372949553183842 6.304379683458949)
(3.3800309511405997 6.312031314968798)
(3.3871051575442657 6.319717581693836)
(3.394172112214479 6.327438784608153)
(3.401231754970879 6.335195225288246)
(3.408284025633107 6.342987205913023)
(3.4153288640207995 6.350815029263789)
(3.422366209953597 6.358678998724262)
(3.4293960032511395 6.366579418280564)
(3.436418183733066 6.374516592521222)
(3.4434326912190167 6.38249082663717)
(3.4504394655286292 6.390502426421747)
(3.457438446481544 6.398551698270702)
(3.4644295738974 6.406638949182183)
(3.4714127875958374 6.4147644867567495)
(3.478388027396496 6.422928619197366)
(3.4853552331190127 6.4311316553094)
(3.492314344583029 6.439373904500632)
(3.4992653016081845 6.447655676781238)
(3.5062080440141186 6.455977282763811)
(3.513142511620469 6.464339033663343)
(3.520068644246877 6.472741241297234)
(3.5269863817129803 6.481184218085288)
(3.5338956638384196 6.48966827704972)
(3.5407964304428328 6.498193731815146)
(3.5476886213458627 6.506760896608592)
(3.5545721763671447 6.515370086259486)
(3.5614470353263195 6.524021616199663)
(3.568313138043028 6.53271580246337)
(3.575170424336908 6.541452961687249)
(3.5820188340276 6.550233411110359)
(3.588858306934742 6.5590574685741565)
(3.5956887828779744 6.567925452522509)
(3.6025102016769357 6.576837682001688)
(3.609322503151267 6.585794476660373)
(3.616125627120606 6.5947961567496485)
(3.622919513404593 6.6038430431230015)
(3.6297041018228673 6.61293545723633)
(3.6364793321950675 6.622073721147937)
(3.6432451443408342 6.631258157518529)
(3.650001478079807 6.640489089611224)
(3.6567482732316234 6.649766841291536)
(3.6634854696159245 6.659091737027396)
(3.670213007052348 6.668464101889132)
(3.676930825360536 6.677884261549487)
(3.6836388643601263 6.687352542283604)
(3.6903370638707576 6.696869270969031)
(3.6970253637120702 6.706434775085725)
(3.7037037037037033 6.716049382716049)
(3.7103720236652964 6.725713422544771)
(3.71703026341649 6.735427223859067)
(3.723678362776921 6.745191116548513)
(3.7303162615662298 6.755005431105101)
(3.736943899604057 6.7648704986232175)
(3.7435612167100407 6.7747866507996655)
(3.7501681527038215 6.784754219933648)
(3.7567646474050376 6.794773538926773)
(3.7633506406333286 6.80484494128306)
(3.769926072208334 6.814968761108929)
(3.7764908819496945 6.825145333113211)
(3.783045009677048 6.835374992607138)
(3.789588395210033 6.8456580755043515)
(3.7961209783682905 6.855994918320897)
(3.80264269897146 6.866385858175228)
(3.8091534968391807 6.876831232788205)
(3.8156533117910914 6.887331380483088)
(3.822142083646832 6.89788664018555)
(3.8286197522260412 6.908497351423667)
(3.835086257348359 6.9191638543279215)
(3.8415415388334253 6.929886489631203)
(3.847985536500879 6.940665598668804)
(3.8544181901703585 6.951501523378428)
(3.860839439661505 6.96239460630018)
(3.867249224793957 6.97334519057657)
(3.873647485387354 6.984353619952521)
(3.8800341612613343 6.995420238775354)
(3.8864091922355386 7.006545391994802)
(3.8927725181296076 7.017729425163001)
(3.8991240787631773 7.028972684434493)
(3.90546381395589 7.040275516566227)
(3.9117916635273833 7.051638268917558)
(3.918107567297297 7.063061289450246)
(3.9244114650852717 7.074544926728459)
(3.930703296710946 7.086089529918768)
(3.9369830019939593 7.097695448790152)
(3.94325052075395 7.109363033713997)
(3.9495057928105592 7.121092635664092)
(3.9557487579834243 7.132884606216634)
(3.961979356092187 7.1447392975502275)
(3.968197526956486 7.1566570624458805)
(3.97440321039596 7.168638254287005)
(3.9805963462302483 7.180683227059427)
(3.9867768742789904 7.19279233535137)
(3.9929447343618265 7.204965934353465)
(3.9990998662983968 7.217204379858757)
(4.005242209908337 7.229508028262684)
(4.011371705011291 7.2418772365631)
(4.017488291426894 7.2543123623602614)
(4.0235919089747885 7.266813763856831)
(4.029682497474614 7.27938179985788)
(4.035759996746008 7.29201682977088)
(4.04182434660861 7.304719213605713)
(4.04787548688206 7.317489311974667)
(4.053913357385999 7.330327486092433)
(4.059937897940064 7.3432340977761115)
(4.065949048363896 7.356209509445206)
(4.071946748477132 7.3692540841216285)
(4.077930938099415 7.382368185429696)
(4.08390155705038 7.395552177596131)
(4.0898585451496725 7.408806425450065)
(4.095801842216926 7.422131294423028)
(4.101731388071783 7.435527150548966)
(4.107647122533881 7.448994360464222)
(4.113548985422861 7.462533291407552)
(4.119436916558362 7.476144311220114)
(4.125310855760024 7.4898277883454725)
(4.131170742847484 7.5035840918296)
(4.137016517640385 7.517413591320873)
(4.142848119958364 7.531316657070073)
(4.1486654896210595 7.545293659930391)
(4.154468566448114 7.559344971357422)
(4.160257290259164 7.573470963409166)
(4.1660316008738505 7.587672008746031)
(4.171791438111812 7.601948480630832)
(4.177536741792689 7.616300752928784)
(4.183267451736121 7.630729200107515)
(4.188983507761745 7.645234197237055)
(4.194684849689203 7.659816119989843)
(4.200371417338134 7.674475344640722)
(4.206043150528176 7.689212248066941)
(4.21169998907897 7.704027207748151)
(4.217341872810154 7.718920601766419)
(4.222968741541369 7.733892808806209)
(4.228580535092252 7.748944208154397)
(4.234177193282445 7.76407517970026)
(4.239758655931585 7.779286103935482)
(4.245324862859314 7.794577361954159)
(4.2508757538852695 7.809949335452785)
(4.256411268829092 7.825402406730265)
(4.26193134751042 7.840936958687906)
(4.267435929748894 7.856553374829425)
(4.272924955364151 7.872252039260943)
(4.278398364175833 7.888033336690988)
(4.2838560960035785 7.903897652430495)
(4.289298090667027 7.919845372392798)
(4.294724287985818 7.935876883093647)
(4.30013462777959 7.951992571651193)
(4.3055290498679835 7.968192825785992)
(4.310907494070637 7.984478033821009)
(4.316269900207191 8.000848584681613)
(4.321616208097284 8.017304867895579)
(4.326946357560555 8.033847273593086)
(4.332260288416645 8.050476192506725)
(4.337557940485192 8.067192015971493)
(4.3428392535858364 8.08399513592478)
(4.348104167538216 8.100885944906398)
(4.353352622161972 8.11786483605856)
(4.3585845572767425 8.134932203125878)
(4.363799912702168 8.152088440455382)
(4.368998628257888 8.169333942996495)
(4.37418064376354 8.186669106301057)
(4.379345899038764 8.204094326523308)
(4.384494333903202 8.221610000419894)
(4.389625888176491 8.239216525349875)
(4.39474050167827 8.256914299274703)
(4.39983811422818 8.274703720758248)
(4.404918665645859 8.29258518896678)
(4.409982095750948 8.310559103668979)
(4.415028344363085 8.328625865235928)
(4.42005735130191 8.346785874641114)
(4.425069056387061 8.365039533460434)
(4.43006339943818 8.38338724387219)
(4.435040320274904 8.40182940865709)
(4.4399997587168745 8.42036643119825)
(4.4449416545837295 8.438998715481189)
(4.449865947695108 8.457726666093826)
(4.454772577870651 8.476550688226501)
(4.459661484929997 8.49547118767195)
(4.464532608692785 8.514488570825316)
(4.469385888978655 8.533603244684148)
(4.474221265607246 8.552815616848402)
(4.479038678398197 8.57212609552044)
(4.483838067171149 8.59153508950503)
(4.488619371745742 8.61104300820935)
(4.493382531941611 8.630650261642973)
(4.498127487578399 8.650357260417888)
(4.502854178475745 8.670164415748486)
(4.50756254445329 8.69007213945157)
(4.512252525330668 8.710080843946335)
(4.516924060927524 8.730190942254398)
(4.521577091063494 8.750402847999771)
(4.52621155555822 8.770716975408877)
(4.530827394231339 8.79113373931055)
(4.535424546902491 8.811653555136017)
(4.540002953391317 8.832276838918919)
(4.544562553517455 8.8530040072953)
(4.549103287100544 8.873835477503617)
(4.553625093960225 8.894771667384727)
(4.558127913916135 8.915812995381891)
(4.562611686787915 8.936959880540783)
(4.567076352395205 8.958212742509474)
(4.571521850557643 8.979572001538452)
(4.57594812109487 9.001038078480605)
(4.580355103826523 9.02261139479122)
(4.584742738572244 9.044292372528002)
(4.58911096515167 9.066081434351057)
(4.593459723384443 9.087979003522898)
(4.5977889530902 9.109985503908444)
(4.602098594088583 9.132101359975014)
(4.606388586199229 9.154326996792342)
(4.610658869241776 9.176662840032563)
(4.614909383035868 9.199109315970222)
(4.619140067401141 9.221666851482267)
(4.623350862157237 9.244335874048048)
(4.627541707123791 9.267116811749325)
(4.6317125421204475 9.290010093270272)
(4.635863306966843 9.313016147897454)
(4.639993941482617 9.336135405519853)
(4.6441043854874104 9.35936829662885)
(4.64819457880086 9.382715252318237)
(4.652264461242608 9.40617670428421)
(4.656313972632293 9.429753084825373)
(4.660343052789553 9.453444826842736)
(4.664351641534029 9.477252363839707)
(4.66833967868536 9.501176129922113)
(4.672307104063185 9.525216559798174)
(4.676253857487142 9.549374088778526)
(4.680179878776874 9.573649152776213)
(4.6840851077520185 9.598042188306668)
(4.687969484232213 9.622553632487747)
(4.691832948037099 9.647183923039709)
(4.695675438986317 9.671933498285213)
(4.699496896899505 9.69680279714933)
(4.703297261596301 9.72179225915953)
(4.707076472896347 9.746902324445697)
(4.710834470619281 9.77213343374012)
(4.714571194584741 9.797486028377485)
(4.71828658461237 9.822960550294898)
(4.721980580521804 9.848557442031856)
(4.725653122132686 9.874277146730275)
(4.7293041492646495 9.900120108134468)
(4.73293360173734 9.926086770591159)
(4.736541419370394 9.952177579049483)
(4.740127541983452 9.978392979060963)
(4.743691909396151 10.004733416779544)
(4.7472344614281345 10.031199338961578)
(4.750755137899039 10.057791192965814)
(4.754253878628504 10.084509426753407)
(4.757730623436169 10.111354488887924)
(4.761185312141674 10.13832682853534)
(4.764617884564658 10.165426895464025)
(4.768028280524761 10.192655140044767)
(4.771416439841621 10.220012013250752)
(4.77478230233488 10.247497966657575)
(4.778125807824175 10.275113452443236)
(4.781446896129145 10.302858923388143)
(4.784745507069433 10.330734832875114)
(4.788021580464674 10.358741634889357)
(4.791275056134511 10.386879784018502)
(4.794505873898579 10.41514973545258)
(4.797713973576522 10.443551944984028)
(4.800899294987978 10.472086869007693)
(4.804061777952586 10.500754964520816)
(4.807201362289984 10.529556689123055)
(4.810317987819814 10.55849250101647)
(4.813411594361714 10.587562859005532)
(4.816482121735323 10.61676822249711)
(4.819529509760281 10.646109051500483)
(4.822553698256228 10.675585806627339)
(4.825554627042802 10.705198949091763)
(4.828532235939644 10.734948940710257)
(4.8314864647663915 10.764836243901724)
(4.834417253342686 10.79486132168747)
(4.837324541488165 10.825024637691213)
(4.840208269022469 10.85532665613907)
(4.843068375765236 10.88576784185957)
(4.845904801536108 10.916348660283653)
(4.848717486154723 10.947069577444646)
(4.8515063694407194 10.977931059978298)
(4.854271391213739 11.008933575122764)
(4.857012491293419 11.0400775907186)
(4.8597296094994 11.071363575208768)
(4.86242268565132 11.102791997638636)
(4.86509165956882 11.134363327655976)
(4.867736471071537 11.166078035510974)
(4.870357059979114 11.19793659205622)
(4.872953366111188 11.229939468746704)
(4.875525329287401 11.26208713763982)
(4.878072889327386 11.294380071395379)
(4.88059598605079 11.326818743275588)
(4.883094559277248 11.35940362714507)
(4.885568548826402 11.39213519747085)
(4.888017894517888 11.425013929322345)
(4.890442536171348 11.458040298371397)
(4.89284241360642 11.49121478089225)
(4.8952174666427455 11.524537853761549)
(4.897567635099962 11.558009994458349)
(4.89989285879771 11.591631681064106)
(4.902193077555627 11.625403392262685)
(4.904468231193355 11.659325607340358)
(4.906718259530531 11.693398806185806)
(4.908943102386796 11.72762346929011)
(4.91114269958179 11.762000077746759)
(4.913316990935149 11.796529113251646)
(4.915465916266516 11.831211058103076)
(4.91758941539553 11.866046395201755)
(4.919687428141828 11.901035608050796)
(4.921759894325052 11.936179180755719)
(4.92380675376484 11.97147759802445)
(4.925827946280831 12.006931345167315)
(4.927823411692666 12.042540908097058)
(4.9297930898199835 12.078306773328826)
(4.931736920482423 12.114229427980156)
(4.933654843499623 12.15030935977101)
(4.935546798691225 12.186547057023754)
(4.937412725876865 12.222943008663151)
(4.9392525648761865 12.259497704216372)
(4.941066255508826 12.296211633812998)
(4.942853737594424 12.333085288185018)
(4.944614950952619 12.370119158666819)
(4.946349835403053 12.407313737195206)
(4.948058330765362 12.444669516309375)
(4.949740376859187 12.482186989150934)
(4.951395913504168 12.519866649463905)
(4.953024880519943 12.557708991594707)
(4.954627217726153 12.595714510492169)
(4.956202864942435 12.633883701707521)
(4.9577517619884315 12.672217061394404)
(4.95927384868378 12.710715086308866)
(4.960769064848119 12.749378273809358)
(4.96223735030109 12.788207121856738)
(4.9636786448623305 12.827202129014266)
(4.965092888351482 12.866363794447611)
(4.966480020588183 12.905692617924856)
(4.967839981392071 12.945189099816476)
(4.969172710582789 12.984853741095367)
(4.970478147979974 13.02468704333681)
(4.971756233403266 13.064689508718516)
(4.973006906672304 13.104861640020584)
(4.9742301076067275 13.145203940625528)
(4.975425776026176 13.185716914518268)
(4.976593851750289 13.226401066286126)
(4.977734274598706 13.267256901118827)
(4.978846984391067 13.308284924808515)
(4.97993192094701 13.349485643749729)
(4.980989024086176 13.390859564939417)
(4.982018233628202 13.43240719597693)
(4.9830194893927295 13.474129045064029)
(4.983992731199398 13.516025621004879)
(4.9849378988678446 13.558097433206054)
(4.985854932217711 13.600344991676538)
(4.986743771068636 13.642768807027704)
(4.98760435524026 13.68536939047334)
(4.98843662455222 13.728147253829656)
(4.989240518824157 13.771102909515243)
(4.99001597787571 13.814236870551115)
(4.990762941526517 13.85754965056068)
(4.991481349596222 13.901041763769761)
(4.992171141904459 13.944713725006583)
(4.9928322582708695 13.988566049701783)
(4.9934646385150945 14.032599253888396)
(4.994068222456772 14.07681385420186)
(4.994642949915541 14.121210367880032)
(4.99518876071104 14.165789312763167)
(4.995705594662911 14.210551207293923)
(4.996193391590791 14.25549657051738)
(4.996652091314321 14.300625922080995)
(4.997081633653139 14.345939782234659)
(4.997481958426888 14.391438671830652)
(4.997853005455203 14.437123112323674)
(4.998194714557724 14.482993625770822)
(4.998507025554093 14.529050734831593)
(4.998789878263947 14.575294962767899)
(4.999043212506926 14.62172683344406)
(4.9992669681026705 14.6683468713268)
(4.999461084870819 14.715155601485241)
(4.999625502631011 14.762153549590918)
(4.999760161202885 14.809341241917775)
(4.999865000406082 14.856719205342156)
(4.9999399600602406 14.904287967342817)
(4.999984979985 14.95204805600091)
(5.0 15.0)
